1 4 6 T1 7 2 4 6 9 9 9 9 9 9 9 9 9 9 9 7 8 5 7 3
8 9 6 5 2 4 3 5 6 7 2 4 1 4 5 3 7 5 1 B 3 2 4 3
1 1 1 1 1 1 9 9 9 9 9 9 2 3 4 8 7 5 4 3 4 T1 6 3
8 7 4 9 5 8 6 4 3 2 7 8 3 7 6 5 3 9 7 T2 4 8 3 1
1 1 1 1 1 1 1 1 1 1 1 1 1 1 1 1 1 1 1 1 1 1 1 1
9 B B B B B B B B B B B B B B B B B B B B B B 4
3 2 7 4 7 5 8 4 3 2 8 6 7 9 4 3 6 3 2 7 2 3 2 3
B B B B 2 B B B B B B 7 B B B B B B B B B 9 B B
4 7 5 8 3 7 6 9 2 8 5 7 3 2 1 1 1 1 6 7 8 3 4 7
8 6 4 3 8 6 4 T2 7 4 3 6 7 2 3 7 5 9 3 6 2 1 3 5
1 1 1 1 1 1 1 1 1 1 1 1 1 1 1 1 1 1 1 1 1 1 1 1
